## Velocity model converted from .mod file
2.0000E+00 5.6300E+00 2.8600E+00 2.6400E+00   600.00   300.00
2.0000E+00 5.6900E+00 3.0400E+00 2.6500E+00   600.00   300.00
2.0000E+00 5.7900E+00 3.3700E+00 2.6700E+00   600.00   300.00
2.0000E+00 5.7900E+00 3.4800E+00 2.6700E+00   600.00   300.00
2.0000E+00 6.0400E+00 3.5600E+00 2.7300E+00   600.00   300.00
2.0000E+00 6.0400E+00 3.5600E+00 2.7300E+00   600.00   300.00
2.0000E+00 6.0400E+00 3.5800E+00 2.7300E+00   600.00   300.00
2.0000E+00 6.0400E+00 3.5800E+00 2.7300E+00   600.00   300.00
2.0000E+00 6.0600E+00 3.6500E+00 2.7300E+00   600.00   300.00
2.0000E+00 6.1600E+00 3.7500E+00 2.7500E+00   600.00   300.00
3.0000E+00 6.2200E+00 3.7800E+00 2.7700E+00   600.00   300.00
3.0000E+00 6.3900E+00 3.8100E+00 2.8100E+00   600.00   300.00
4.0000E+00 6.8700E+00 3.8100E+00 2.9300E+00   600.00   300.00
4.0000E+00 6.9400E+00 3.8300E+00 2.9500E+00   600.00   300.00
4.0000E+00 7.7400E+00 4.0900E+00 3.2000E+00   600.00   300.00
4.0000E+00 7.7700E+00 4.2200E+00 3.2100E+00   600.00   300.00
4.0000E+00 7.7700E+00 4.2500E+00 3.2100E+00   600.00   300.00
4.0000E+00 7.7700E+00 4.3700E+00 3.2100E+00   600.00   300.00
2.5000E+02 7.7800E+00 4.4100E+00 3.2100E+00   600.00   300.00
