## Velocity model converted from .mod file
2.0000E+00 5.6300E+00 2.8600E+00 2.6400E+00   600.00   300.00
2.0000E+00 5.6900E+00 3.0400E+00 2.6500E+00   600.00   300.00
2.0000E+00 5.7900E+00 3.3700E+00 2.6700E+00   600.00   300.00
2.0000E+00 5.7900E+00 3.4800E+00 2.6700E+00   600.00   300.00
8.0000E+00 6.0400E+00 3.5700E+00 2.7300E+00   600.00   300.00
1.0000E+01 6.2200E+00 3.7500E+00 2.7700E+00   600.00   300.00
8.0000E+00 6.9000E+00 3.8200E+00 2.9300E+00   600.00   300.00
4.0000E+00 7.7400E+00 4.0900E+00 3.2000E+00   600.00   300.00
1.2000E+01 7.7700E+00 4.2500E+00 3.2100E+00   600.00   300.00
2.5000E+02 7.7800E+00 4.4100E+00 3.2100E+00   600.00   300.00
