## Velocity model converted from .mod file
5.0000E-01 4.1850E+00 2.3650E+00 2.4100E+00   600.00   300.00
5.0000E-01 5.2900E+00 2.9550E+00 2.5800E+00   600.00   300.00
2.0000E+00 5.7100E+00 3.1750E+00 2.6600E+00   600.00   300.00
5.0000E+00 5.7750E+00 3.2250E+00 2.6700E+00   600.00   300.00
5.0000E+00 5.8000E+00 3.2750E+00 2.6700E+00   600.00   300.00
6.0000E+00 5.8350E+00 3.3250E+00 2.6800E+00   600.00   300.00
1.1000E+01 5.8850E+00 3.3750E+00 2.6900E+00   600.00   300.00
5.0000E+00 6.5000E+00 3.7450E+00 2.8300E+00   600.00   300.00
1.1000E+01 6.8500E+00 3.9250E+00 2.9200E+00   600.00   300.00
1.9000E+01 7.8700E+00 4.4850E+00 3.2400E+00   600.00   300.00
0.0000E+00 8.1000E+00 4.6600E+00 3.3300E+00   600.00   300.00
